813452859	408	413
813452859	414	418
813452859	419	426
813452859	427	436
813452859	437	445
813452859	665	668
813452859	669	673
813452859	674	680
813452859	681	683
813452859	684	686
813452859	687	693
813452859	694	701
813452859	702	706
813452859	707	711
813452859	712	716
813452859	717	719
813452859	720	729
813452859	730	739
813452859	740	743
813452859	744	755
813452859	756	760
813452859	761	763
813452859	764	766
813452859	767	770
813452859	771	773
813452859	1733	1734
813452859	1735	1742
813452859	1755	1759
813452859	1760	1769
813452859	1771	1776
813452859	1777	1780
813452859	1781	1782
813452859	1783	1784
813452859	1785	1792
813452859	1793	1799
813452859	1801	1805
813452859	1806	1808
813452859	1809	1812
813452859	1813	1818
813452859	1819	1823
813452859	1824	1830
813452859	1831	1837
813452859	1838	1843
813452859	2104	2107
813452859	2108	2110
813452859	2111	2116
813452859	2117	2120
813452859	2121	2123
813452859	2124	2128
813452859	2129	2133
813452859	2134	2137
813452859	2138	2140
813452859	2141	2146
813452859	2147	2150
813452859	2151	2153
813494037	445	446
813494037	447	450
813494037	451	456
813494037	750	753
813494037	754	761
813494037	765	773
813494037	774	777
813494037	778	788
813494037	789	793
813494037	794	798
813494037	799	800
813494037	801	805
813494037	806	819
813494037	820	823
813494037	824	826
813494037	827	833
813494037	834	837
813494037	838	845
813494037	846	848
813494037	849	855
813494037	856	857
813494037	858	862
813494037	863	867
813494037	868	874
813494037	875	877
813494037	878	885
813494037	976	979
813494037	981	984
813494037	985	989
813494037	990	991
813494037	992	996
813494037	997	1009
813494037	1423	1427
813494037	1428	1431
813494037	1432	1435
813494037	1436	1438
813494037	1439	1444
813494037	1814	1823
813494037	1824	1831
813494037	1957	1964
813494037	1965	1973
813494037	1974	1979
813494037	1980	1984
813494037	1985	1991
813494037	1992	1994
813494037	1995	1997
813494037	1998	2007
813494037	2008	2010
813494037	2011	2017
813494037	2018	2020
813494037	2021	2027
813494037	2028	2031
813494037	2032	2036
813494037	2037	2040
813494037	2041	2043
813494037	2044	2049
813494037	2050	2054
813494037	2055	2058
813494037	2059	2064
813494037	2065	2074
813547724	54	59
813547724	62	67
813547724	68	71
813547724	72	80
813547724	256	261
813547724	264	269
813547724	271	274
813547724	275	283
813547724	285	288
813547724	289	292
813547724	293	296
813547724	297	298
813547724	299	309
813547724	310	313
813547724	314	316
813547724	317	319
813547724	320	323
813547724	324	328
813547724	329	331
813547724	332	338
813547724	1280	1282
813547724	1283	1292
813547724	1293	1298
813547724	1299	1306
813547724	1307	1315
813547724	1316	1319
813547724	1320	1331
813547724	1332	1334
813547724	1335	1338
813547724	1339	1344
813547724	1345	1348
813547724	1349	1352
813547724	1353	1358
813547724	1359	1362
813547724	1363	1369
813547724	1370	1373
813547724	1374	1381
813547724	1382	1385
813547724	1386	1392
813547724	1393	1395
813547724	1396	1400
813547724	1401	1407
813547724	1408	1411
813547724	1412	1416
813547724	1417	1419
813547724	1420	1423
813547724	1424	1427
813547724	1428	1432
813547724	1433	1442
813547724	1512	1517
813547724	1522	1536
813547724	1537	1540
813547724	1541	1549
813547724	1554	1557
813547724	1558	1573
813547724	1574	1576
813547724	1577	1583
813547724	1589	1593
813547724	1609	1617
813547724	1618	1625
813547724	1634	1638
813547724	1639	1641
813547724	1642	1651
813547724	1652	1655
813547724	1656	1665
813547724	1666	1668
813547724	1669	1678
813547724	1679	1682
813547724	1683	1688
813547724	1689	1698
813547724	1699	1701
813547724	1702	1706
813552066	0	3
813552066	4	10
813552066	11	13
813552066	27	32
813552066	41	51
813552066	52	58
813552066	59	66
813552066	183	186
813552066	187	193
813552066	194	196
813552066	201	205
813552066	427	429
813552066	430	437
813552066	438	442
813552066	443	446
813552066	447	455
813552066	456	470
813552066	471	477
813552066	478	480
813552066	481	485
813552066	486	490
813552066	491	494
813552066	495	500
813552066	757	761
813552066	762	770
813552066	771	777
813552066	778	780
813552066	781	785
813552066	786	797
813552066	802	806
813552066	811	812
813552066	813	816
813552066	817	828
813552066	829	830
813552066	920	929
813552066	961	966
813552066	1037	1044
813552066	1046	1049
813552066	1050	1052
813552066	1053	1057
813552066	1058	1060
813552066	1061	1071
813552066	1078	1084
813552066	1086	1092
813552066	1093	1098
813552066	1275	1279
813552066	1280	1286
813552066	1287	1293
813552066	1294	1296
813552066	1297	1303
813552066	1304	1309
813552066	1310	1311
813552066	1312	1315
813552066	1316	1319
813552066	1320	1322
813552066	1330	1339
813552066	1340	1342
813552066	1343	1352
813552066	1353	1364
813552066	1516	1520
813552066	1762	1763
813552066	1777	1784
813552066	1814	1819
813552066	1820	1821
813552066	1822	1831
813552066	1832	1837
813552066	1838	1840
813552066	1841	1844
813552066	1845	1855
813552066	2032	2041
813552066	2042	2045
813552066	2046	2054
813552066	2058	2061
813552066	2062	2069
813552066	2070	2076
813552066	2157	2159
813552066	2172	2178
813552066	2179	2186
813552066	2187	2190
813552066	2191	2195
813552066	2196	2199
813552066	2200	2203
813552066	2204	2212
813552066	2213	2217
813552066	2218	2221
813552066	2222	2226
813552066	2228	2237
813552066	2245	2250
813552066	2251	2253
813552066	2254	2258
813552066	2262	2265
813552066	2266	2275
813552066	2276	2283
813552066	2284	2291
813552066	2302	2304
813552066	2305	2312
813552066	2313	2315
813552066	2316	2318
813552066	2319	2326
813552066	2327	2328
813552066	2329	2336
813552066	2342	2344
813552066	2345	2356
813552066	2358	2364
813552066	2365	2374
813552066	2375	2378
813552066	2379	2380
813552066	2381	2389
813552066	2390	2394
813552066	2395	2397
813552066	2398	2407
813552066	2409	2411
813552066	2412	2419
813552066	2421	2425
813552066	2426	2428
813552066	2429	2433
813601978	1300	1308
813602345	610	614
813602345	615	621
813602345	628	635
813602345	636	643
813602345	742	750
813602345	751	757
813602345	758	765
813602345	1253	1259
813602345	1431	1438
813602345	1440	1446
813602345	1447	1454
813602345	1537	1547
813602345	1548	1549
813602345	1550	1554
813602345	1555	1556
813602345	1557	1561
813602345	1562	1564
813602345	1624	1631
813602345	1632	1634
813602345	1635	1639
813602345	1640	1650
813602345	1651	1656
813602345	1657	1664
813602345	1665	1668
813602345	1669	1674
813602345	1675	1677
813602345	1678	1681
813602345	1682	1684
813602345	1980	1983
813602345	1984	1989
813602345	2053	2065
813602345	2066	2073
813602345	2074	2082
813602345	2083	2095
813603860	0	6
813603860	7	16
813603860	17	23
813603860	24	28
813603860	29	32
813603860	33	38
813603860	39	43
813603860	48	50
813603860	981	986
813603860	1601	1609
813603860	1610	1618
813603860	1619	1630
813603860	1638	1641
813603860	1642	1644
813603860	1645	1650
813603860	1651	1654
813603860	1655	1657
813603860	1658	1659
813603860	1660	1661
813603860	1662	1668
813603860	1698	1700
813603860	1701	1710
813603860	1711	1713
813603860	1714	1718
813603860	1719	1723
813603860	1724	1728
813603860	1729	1732
813603860	1733	1745
813603860	1746	1754
813603860	1755	1757
813603860	1764	1766
813603860	1775	1779
813603860	2074	2075
813603860	2076	2081
813603860	2082	2085
813603860	2086	2096
813603860	2097	2103
813603860	2104	2110
813603860	2111	2113
813603860	2114	2121
813603860	2122	2124
813603860	2125	2131
813603860	2328	2332
813603860	2333	2343
813603860	2344	2346
813603860	2347	2351
813603860	2352	2358
813603860	2359	2361
813603860	2362	2365
813603860	2366	2370
813603860	2371	2374
813603860	2375	2380
813603860	2381	2384
813603860	2385	2391
813603860	2392	2393
813603860	2394	2399
813603860	2400	2402
813603860	2403	2407
813603860	2416	2422
813623212	5	8
813623212	230	237
813623212	238	246
813623212	556	563
813623212	564	567
813623212	568	575
813623212	966	969
813623212	970	972
813623212	973	976
813623212	977	983
813623212	984	987
813623212	989	994
813623212	995	996
813623212	997	1000
813623212	1001	1008
813623212	1009	1013
813623212	1014	1022
813623212	1023	1026
813623212	1027	1031
813623212	1094	1098
813623212	1099	1102
813623212	1103	1106
813623212	1111	1119
813623212	1120	1123
813623212	1124	1128
813623212	1129	1132
813623212	1133	1135
813623212	1136	1139
813623212	1140	1145
813623212	1146	1148
813623212	1149	1159
813623212	1160	1170
813623212	1171	1173
813623212	1174	1181
813623212	1298	1301
813623212	1302	1306
813623212	1307	1310
813623212	1311	1314
813623212	1315	1318
813623212	1319	1327
813623212	1328	1331
813623212	1332	1336
813623212	1337	1340
813623212	1341	1343
813623212	1344	1347
813623212	1348	1353
813623212	1354	1356
813623212	1357	1367
813623212	1368	1378
813623212	1379	1381
813623212	1382	1388
813623212	1738	1748
813623212	1749	1759
813623212	1760	1762
813623212	1763	1767
813623212	1883	1887
813623212	1888	1896
813623212	1897	1899
813623212	1900	1906
813623212	1907	1911
813623212	1912	1918
813623212	1927	1930
813623212	1931	1941
813623212	1942	1952
813623212	1976	1978
813623212	1979	1983
813623212	1984	1988
813623212	1989	1993
813623212	1994	2003
813623212	2004	2008
813623212	2009	2014
813623212	2015	2017
813623212	2018	2028
813623212	2029	2039
813623212	2040	2042
813623212	2043	2050
813623212	2057	2064
813623212	2065	2067
813623212	2068	2071
813714967	425	426
813714967	437	445
813714967	874	883
813714967	1213	1223
813714967	1303	1310
813714967	1327	1336
813714967	1349	1351
813714967	1505	1512
813714967	1513	1516
813714967	1517	1522
813714967	1523	1529
813714967	1530	1536
813714967	1537	1544
813714967	1545	1548
813714967	1549	1552
813714967	1553	1557
813714967	1558	1561
813714967	1562	1566
813714967	1792	1804
813714967	1805	1808
813714967	2198	2200
813714967	2201	2210
813714967	2211	2221
813714967	2222	2229
813714967	2230	2232
813714967	2234	2236
813714967	2237	2241
813714967	2242	2248
813714967	2249	2252
813714967	2253	2258
813714967	2259	2261
813714967	2262	2266
813714967	2267	2271
813714967	2272	2278
813714967	2279	2282
813949697	2455	2465
813949697	2466	2470
813949697	2471	2474
813949697	2475	2477
813949697	2478	2482
813949697	2483	2488
813953273	702	708
813953273	709	712
813953273	1777	1784
813953273	1785	1788
813953273	2085	2089
813953273	2102	2106
813953435	447	448
813953435	450	454
813953435	455	457
813953435	458	463
813953435	644	647
813953435	648	656
813953435	1047	1051
813953435	1130	1134
813953435	1240	1242
813953435	1248	1250
813953435	1252	1254
813953435	1266	1267
813953435	1268	1277
813953435	1278	1284
813953435	1466	1467
813953435	1468	1472
813953435	1473	1479
813953435	1480	1485
813953435	1486	1490
813953435	1491	1495
813953435	1496	1500
813953435	1501	1505
813953435	1506	1507
813953435	1508	1513
813953435	1514	1520
813953435	1521	1527
813953435	1541	1547
813953435	1548	1555
813953435	1556	1558
813953435	1559	1567
813953435	1568	1570
813953435	1571	1579
813953435	1580	1584
813953435	1598	1602
813953435	1628	1636
813953435	1643	1650
813953435	1651	1661
813953435	1872	1876
813992175	132	135
813992175	136	145
813992175	146	149
813992175	150	155
813992175	156	160
813992175	161	165
813992175	166	168
813992175	169	173
813992175	175	179
813992175	180	189
813992175	544	548
813992175	549	557
813992175	558	566
813992175	754	758
813992175	802	806
813992175	807	810
813992175	1951	1952
813992175	1953	1954
813992175	1955	1963
813992175	1964	1968
814371058	37	42
814371058	106	113
814371058	114	123
814371058	124	126
814371058	127	131
814371058	132	134
814371058	135	139
814371058	144	145
814403543	686	694
814403543	761	764
814403543	765	773
814403543	2409	2416
814403543	2417	2425
814403543	2431	2436
814403783	68	76
814403783	104	106
814403783	112	114
814403783	116	118
814403783	131	134
814403783	170	172
814403783	173	179
814403783	180	189
814403783	551	553
814403783	1123	1126
814403783	1127	1133
814403783	1134	1144
814403783	1145	1147
814403783	1148	1158
814403783	1269	1271
814403783	1874	1882
814403783	2057	2066
814403783	2067	2072
814403783	2073	2079
814403783	2325	2328
814403783	2329	2337
814403783	2338	2348
814403783	2349	2351
814403783	2352	2358
814403783	2359	2362
814403783	2363	2367
814403783	2368	2370
814403783	2371	2374
814403783	2375	2383
814403875	931	936
814403875	1098	1102
814403875	1103	1105
814403875	1106	1113
814403875	1114	1117
814403875	1118	1122
814403875	1123	1126
814403875	1127	1136
814403875	1142	1144
814403875	1145	1149
814403875	1151	1155
814403875	1156	1158
814403875	1159	1166
814403875	1167	1176
814403875	1177	1180
814403875	1219	1220
814403875	2058	2065
814403875	2066	2069
814403875	2070	2073
814403875	2074	2080
814403875	2081	2084
814403875	2085	2088
814403875	2089	2096
814403875	2097	2103
814403875	2104	2107
814403875	2108	2113
814403875	2114	2116
814403875	2117	2120
814403875	2121	2125
814403875	2153	2157
814403875	2158	2162
814404002	20	28
814404002	64	77
814404002	78	86
814404002	92	101
814404002	102	107
814404002	118	121
814404002	127	135
814404002	136	138
814404002	139	147
814404002	155	157
814404002	158	167
814404002	168	171
814404002	172	181
814404002	182	192
814404002	193	195
814404002	196	200
814404002	201	204
814404002	205	213
814404002	214	215
814404002	216	222
814404002	223	234
814404002	235	244
814404002	246	248
814404002	249	252
814404002	256	261
814404002	262	267
814404002	268	278
814404002	279	283
814404002	284	285
814404002	286	294
814404002	295	299
814404002	300	304
814404002	305	307
814404002	308	311
814404002	312	326
814404002	327	337
814404002	793	799
814404002	800	803
814404002	805	810
814404002	811	816
814404002	1059	1069
814404002	1070	1077
814404002	1094	1097
814404002	1098	1107
814404002	1108	1110
814404002	1111	1114
814404002	1115	1122
814404002	1123	1129
814404002	1141	1145
814404002	1156	1160
814404002	1176	1186
814404002	1187	1192
814404002	1399	1404
814404002	1405	1410
814404002	1411	1414
814404002	1415	1422
814404002	1423	1425
814404002	1426	1435
814404002	1436	1438
814404002	1439	1444
814404002	1445	1453
814404002	1454	1465
814404002	1466	1472
814404002	1473	1480
814404002	1481	1485
814404002	1486	1489
814404002	1490	1502
814404002	1503	1506
814404002	1507	1511
814404002	1512	1516
814404002	1517	1519
814404002	1520	1523
814404002	1524	1528
814404002	1529	1536
814404002	1537	1540
814404002	1541	1549
814404002	1550	1554
814404002	1555	1563
814404002	1564	1568
814404002	1569	1574
814404002	1575	1577
814404002	1578	1584
814404002	1585	1587
814404002	1588	1589
814404002	1590	1593
814404002	1594	1599
814404002	1600	1601
814404002	1602	1605
814404002	1606	1612
814404002	1618	1624
814404002	1631	1635
814404002	1636	1643
814404002	1647	1649
814404002	1724	1727
814404002	1728	1730
814404002	1741	1744
814404002	1745	1749
814404002	1750	1752
814404002	1753	1756
814404002	1911	1913
814404002	1914	1925
814404002	1926	1942
814404002	1943	1946
814404002	1947	1961
814404002	1962	1966
814404002	1967	1969
814404002	1970	1978
814404002	1979	1983
814404002	1985	1989
814404002	1996	2000
814404002	2001	2005
814404002	2006	2015
814404002	2017	2019
814404002	2022	2030
814404002	2120	2128
814404002	2129	2138
814404002	2139	2142
814404002	2143	2151
814404002	2152	2156
814404002	2157	2161
814404002	2162	2169
814404002	2170	2172
814404002	2173	2177
814404002	2178	2180
814404002	2181	2188
814404002	2189	2192
814404002	2210	2217
814404002	2218	2229
814404002	2233	2242
814404002	2254	2262
814404002	2263	2269
814404002	2275	2284
814427361	21	23
814427361	248	250
814427361	718	723
814427361	728	737
814427361	748	749
814427361	756	763
814427361	764	767
814427361	768	771
814427361	772	779
814427361	780	784
814427361	785	789
814427361	790	796
814427361	809	812
814427361	822	824
814427361	1617	1619
814435435	1158	1159
814435435	1160	1169
814435435	1170	1176
814435435	1177	1179
814435435	1180	1183
814435435	1184	1195
814435435	1218	1224
814435435	1225	1226
814435435	1243	1249
814435435	1250	1260
814435435	1261	1272
814435435	1279	1284
814435435	1288	1300
814435435	1306	1310
814435435	1311	1321
814435435	1322	1325
814435435	1326	1338
814435435	1339	1347
814435435	1584	1592
814435435	1593	1597
814435435	1598	1602
814435435	1603	1608
814435435	1609	1612
814435435	1613	1618
814435435	1619	1624
814435435	1625	1629
814435435	1630	1633
814435435	1634	1641
814435435	1642	1647
814435435	1648	1651
814435435	1652	1659
814435435	1660	1662
814435435	1663	1666
814435435	1667	1672
814435435	1674	1677
814435435	1678	1683
814435435	1684	1688
814435435	1689	1693
814435435	1697	1702
814435435	1703	1706
814435435	1771	1779
814435435	1780	1784
814435435	1785	1789
814435435	1790	1795
814435435	1796	1799
814435435	1800	1806
814435435	1807	1809
814435435	1810	1820
814435435	1847	1853
814435435	1854	1865
814435435	1866	1869
814435435	1870	1876
814435435	1877	1882
814435435	1883	1887
814435435	1888	1892
814435435	1893	1898
814435435	1899	1901
814435435	1902	1904
814435435	1905	1908
814435435	1909	1913
814435435	1914	1916
814435435	1917	1922
814435435	1987	1992
814435435	1993	1998
814630609	21	32
814630609	33	38
814630609	45	50
814630609	135	147
814630609	148	153
814630609	248	254
814630609	255	256
814630609	257	262
814630609	263	268
814630609	269	273
814630609	527	535
814630609	1037	1041
814630609	1584	1586
814630609	1589	1594
814630609	1595	1602
814630609	1603	1609
814630609	1914	1923
814630609	1924	1928
814630609	2051	2057
814630609	2058	2069
814630609	2070	2073
814630609	2074	2084
814630609	2124	2135
814630609	2136	2141
814630609	2173	2183
814630609	2198	2201
814630609	2202	2210
814630609	2211	2216
814630609	2217	2227
814630609	2228	2231
814630609	2232	2241
814630609	2242	2245
814777937	700	708
814777937	1631	1632
814777937	1633	1639
814777937	1677	1679
814777937	1680	1694
814777937	1699	1709
814777937	1711	1716
814777937	1718	1722
814777937	1723	1738
814777937	1739	1744
814777937	2096	2098
814777937	2099	2103
814777937	2104	2109
815412286	45	54
815412286	64	72
815412286	73	74
815412286	75	80
815412286	81	83
815412286	178	185
815412286	190	191
815412286	192	194
815412286	196	198
815412286	228	237
815412286	264	266
815412286	304	306
815412286	315	320
815412286	709	714
815412286	715	719
815412286	720	722
815412286	723	726
815412286	727	732
815412286	734	739
815412286	740	746
815412286	747	749
815412286	750	753
815412286	754	762
815412286	763	765
815412286	766	769
815412286	770	778
815412286	1146	1147
815412286	1204	1213
815412286	1214	1223
815412286	1225	1227
815412286	1228	1235
815412286	1236	1237
815412286	1238	1242
815412286	1243	1249
815412286	1313	1318
815412286	1319	1323
815412286	1324	1331
815412286	1339	1340
815412286	1341	1342
815412286	1344	1355
815412286	1561	1569
815412286	1570	1576
815412286	1608	1609
815412286	1610	1611
815412286	1717	1722
815412286	1737	1740
815412286	1748	1749
815412286	1908	1918
815858385	43	44
815858385	45	49
815858385	182	183
815858385	184	190
815858385	253	254
815858385	255	259
815858385	260	262
815858385	263	270
815858385	578	584
815858385	648	651
815858385	1443	1447
815858385	1456	1461
815858385	1462	1471
815858385	1472	1479
815858385	1480	1482
815858385	1483	1488
815858385	1489	1491
815858385	1492	1498
815858385	1499	1501
815858385	1502	1508
815858385	1509	1518
815858385	1519	1529
815858385	1530	1537
815858385	1538	1541
815858385	1542	1546
815858385	1547	1549
815858385	1550	1553
815858385	1554	1561
815858385	1562	1565
815858385	1566	1569
815858385	1570	1572
815858385	1573	1576
815858385	1577	1583
815858385	1584	1586
815858385	1587	1591
815858385	1592	1596
815858385	1597	1607
815858385	1608	1612
815858385	1613	1619
815858385	1620	1627
815858385	1628	1630
815858385	1631	1633
815858385	1634	1646
815858385	1647	1650
815858385	1651	1655
815858385	1656	1661
815858385	1662	1669
815858385	1670	1678
815858385	1679	1692
815858385	1693	1702
815858385	1703	1713
815858385	1714	1720
815858385	1751	1759
815858385	1760	1772
815858385	1773	1785
815858385	1903	1907
815858385	2078	2083
815858385	2084	2095
815858385	2123	2131
815858385	2169	2175
815858385	2176	2187
815858385	2206	2213
815858385	2214	2219
815858385	2220	2223
815858385	2224	2231
815858385	2232	2237
815858385	2312	2315
815858385	2324	2331
815858385	2378	2385
815858385	2398	2404
815858385	2405	2407
815858385	2408	2416
815858385	2426	2428
815858385	2437	2439
815858385	2440	2443
815858385	2444	2446
815858385	2447	2452
815858385	2453	2458
815858385	2459	2461
816460196	163	175
816460196	1138	1141
816460196	1142	1150
816460196	1151	1153
816460196	1154	1162
816460196	1172	1175
816460196	1181	1185
816460196	1207	1209
816460196	1280	1287
816460196	1288	1289
816460196	1290	1295
816460196	1296	1303
816460196	1304	1306
816460196	1307	1315
816460196	1316	1322
816460196	1419	1429
816460196	1477	1485
816460196	1546	1549
816460196	1550	1553
816460196	1624	1628
816460196	1629	1635
816460196	1762	1765
816460196	1766	1774
816460196	1775	1779
816460196	1780	1784
816460196	1785	1787
816460196	1788	1795
816460196	1796	1801
816460196	1802	1810
816460196	1811	1818
816460196	1902	1905
816460196	2288	2294
816460196	2295	2299
816460196	2300	2310
816460196	2311	2319
816460196	2320	2330
816460196	2331	2336
816460196	2337	2339
816460196	2340	2352
816460196	2353	2359
816460196	2360	2363
816460196	2364	2371
816460196	2372	2379
816720060	209	214
816720060	215	225
816720060	227	236
816720060	237	244
816720060	245	248
816720060	266	272
816720060	273	282
816720060	283	291
816720060	292	295
816720060	296	304
816720060	305	312
816720060	313	315
816720060	336	343
816720060	358	363
816720060	419	420
816720060	421	430
816720060	431	433
816720060	434	443
816720060	444	453
816720060	463	465
816720060	467	473
816720060	477	478
816720060	479	488
816720060	489	491
816720060	492	495
816720060	496	504
816720060	505	507
816720060	508	511
816720060	512	514
816720060	640	642
816720060	643	653
816720060	654	659
816720060	1034	1037
816720060	1038	1047
816720060	1048	1053
816720060	1054	1057
816720060	1058	1068
816720060	1069	1071
816720060	1072	1075
816720060	1076	1084
816720060	1085	1091
816720060	1092	1097
817147979	23	27
817147979	28	33
817147979	34	41
817147979	42	50
817147979	51	57
817147979	59	63
817147979	64	68
817147979	69	72
817147979	501	509
817147979	510	516
817147979	746	753
817147979	754	757
817147979	758	762
817147979	763	768
817147979	769	772
817147979	773	776
817147979	777	780
817147979	781	786
817147979	787	794
817147979	795	803
817147979	805	806
817147979	807	811
817147979	812	816
817147979	817	820
817147979	821	827
817147979	845	853
817147979	1208	1209
817147979	1210	1220
817147979	1221	1228
817147979	1295	1301
817147979	1302	1304
817147979	1305	1307
817147979	1308	1311
817147979	1312	1315
817147979	1316	1318
817147979	1319	1322
817147979	1323	1331
817147979	1332	1342
817147979	1343	1352
817147979	1353	1357
817147979	1358	1360
817147979	1361	1366
817147979	1367	1371
817147979	1372	1374
817147979	1375	1384
817147979	1386	1389
817147979	1390	1394
817147979	1395	1398
817147979	1399	1402
817147979	1403	1409
817147979	1410	1423
817147979	1424	1426
817147979	1427	1429
817147979	1430	1439
817147979	1440	1444
817147979	1470	1475
817147979	1476	1481
817147979	1482	1485
817147979	1486	1488
817147979	1489	1491
817147979	1492	1493
817147979	1494	1500
817147979	1501	1506
817147979	1515	1521
817147979	1522	1527
817147979	1528	1531
817147979	1532	1537
817147979	1538	1545
817147979	1546	1547
817147979	1548	1551
817147979	1552	1554
817147979	1555	1556
817147979	1557	1561
817147979	1562	1567
817147979	1568	1571
817147979	1572	1573
817147979	1574	1578
817147979	1579	1588
817147979	1758	1760
817147979	1780	1782
817147979	1783	1787
817147979	1788	1793
817147979	1794	1799
817147979	1800	1805
817147979	1806	1808
817147979	1809	1815
817147979	1817	1819
817147979	1820	1825
817147979	1826	1830
817147979	1831	1834
817147979	1835	1847
817147979	1848	1854
817147979	1855	1857
817147979	1858	1866
817147979	1867	1869
817147979	1966	1975
817147979	2179	2182
817147979	2208	2212
817147979	2213	2215
817147979	2216	2223
817147979	2224	2226
817147979	2227	2232
817147979	2233	2241
817147979	2242	2244
817147979	2245	2254
817147979	2255	2256
817147979	2257	2272
817147979	2273	2279
817147979	2281	2284
817147979	2285	2291
817176202	52	53
817176202	90	94
817176202	95	101
817176202	129	132
817176202	133	135
817176202	136	139
817176202	140	147
817176202	160	167
817176202	538	541
817176202	542	545
817176202	655	666
817176202	672	677
817176202	678	691
817176202	925	933
817176202	934	939
817176202	941	948
817176202	949	952
817176202	953	956
817176202	1012	1020
817176202	1021	1026
817176202	1028	1034
817176202	1035	1038
817176202	1039	1042
817176202	1760	1763
817176202	1764	1771
817176202	1772	1777
817176202	1778	1782
817176202	1783	1784
817176202	1785	1788
817176202	1789	1791
817176202	1792	1797
817176202	1798	1800
817190270	1	2
817190270	3	8
817190270	9	12
817190270	14	15
817190270	16	19
817190270	20	23
817190270	302	309
817190270	337	349
817190270	350	359
817190270	570	572
817190270	573	576
817190270	577	584
817190270	585	588
817190270	589	592
817190270	593	596
817190270	597	601
817190270	653	656
817190270	657	663
817190270	678	679
817190270	680	682
817190270	691	694
817190270	703	710
817190270	711	713
817190270	714	717
817190270	752	759
817190270	796	797
817190270	798	801
817190270	802	803
817190270	804	807
817190270	809	810
817190270	815	818
817190270	973	976
817190270	977	983
817190270	988	991
817190270	992	998
817190270	1003	1010
817190270	1018	1023
817190270	1024	1031
817190270	1032	1035
817190270	1036	1043
817190270	1968	1970
817190270	1977	1980
817190270	1981	1985
817190270	1986	1990
817190270	1991	1997
817190270	1998	2001
817190270	2002	2007
817190270	2008	2016
817190270	2017	2019
817190270	2020	2024
817190270	2025	2029
817190270	2030	2035
817190270	2036	2040
817190270	2041	2047
817190270	2048	2052
817190270	2053	2058
817190270	2059	2068
817190270	2069	2081
817190270	2082	2086
817190270	2087	2095
817190270	2096	2098
817408115	0	2
817408115	3	8
817408115	9	16
817408115	17	22
817408115	23	27
817408115	28	32
817408115	33	35
817408115	36	41
817408115	42	51
817408115	787	792
817408115	794	810
817408115	845	858
817408115	859	864
817408115	872	882
817408115	883	893
817408115	894	903
817408115	905	907
817408115	908	910
817408115	911	916
817408115	917	920
817408115	921	924
817408115	925	931
817408115	932	934
817408115	935	940
817408115	941	945
817408115	946	951
817408115	953	955
817408115	956	960
817408115	961	963
817408115	964	968
817408115	969	975
817408115	976	978
817408115	1006	1009
817408115	1022	1032
817408115	1353	1354
817408115	1355	1359
817408115	1360	1362
817408115	1363	1374
817408115	1375	1378
817408115	1379	1381
817408115	1382	1385
817408115	1386	1391
817408115	1392	1394
817408115	1395	1399
817408115	1410	1414
817408115	1415	1422
817408115	1432	1439
817408115	1447	1451
817408115	1452	1455
817408115	1456	1460
817408115	1461	1469
817408115	1470	1478
817408115	1479	1482
817408115	1489	1490
817408115	1491	1495
817408115	1496	1498
817408115	1499	1510
817408115	1511	1514
817408115	1515	1517
817408115	1518	1521
817408115	1522	1527
817408115	1528	1530
817408115	1531	1535
817408115	1537	1541
817408115	1542	1545
817408115	1546	1550
817408115	1551	1558
817408115	1564	1567
817408115	1568	1575
817408115	1583	1587
817408115	1588	1591
817408115	1592	1596
817408115	1597	1605
817408115	1606	1614
817408115	1615	1618
817408115	1826	1830
817408115	1831	1839
817408115	1866	1873
817408115	1881	1883
817408115	1884	1887
817408115	1888	1896
817408115	1897	1900
817408115	1901	1908
817408115	1909	1911
817408115	1912	1914
817408115	1955	1959
817408115	1960	1968
817449755	533	543
817449755	544	548
817449755	549	554
817449755	555	561
817449755	603	609
817449755	682	692
817449755	710	720
817449755	756	760
817449755	761	763
817449755	764	767
817449755	768	769
817449755	775	778
817449755	779	786
817449755	788	792
817449755	793	797
817449755	798	801
817449755	802	804
817449755	805	806
817449755	807	813
817449755	814	824
817449755	825	827
817449755	828	831
817449755	832	836
817449755	837	839
817449755	840	845
817449755	846	851
817449755	852	855
817449755	856	865
817449755	876	886
817449755	887	889
817449755	890	895
817449755	896	902
817449755	904	908
817449755	909	911
817449755	912	918
817449755	1151	1156
817449755	1157	1161
817449755	1162	1165
817449755	1185	1188
817449755	1189	1195
817449755	1196	1203
817449755	1246	1250
817449755	1846	1850
817449755	1851	1853
817449755	1873	1878
817449755	1896	1907
817449755	1993	1998
817449755	2022	2026
817449755	2027	2032
817449755	2039	2046
817449755	2047	2048
817449755	2049	2053
817449755	2054	2056
817449755	2057	2061
817449755	2062	2064
817449755	2065	2066
817449755	2067	2073
817449755	2075	2078
817449755	2079	2084
817449755	2085	2089
817449755	2090	2095
817449755	2096	2099
817449755	2100	2105
817449755	2106	2112
817449755	2113	2119
817449755	2120	2126
817449755	2133	2136
817449755	2137	2141
817449755	2142	2149
817449755	2150	2154
817449755	2168	2179
817449755	2200	2205
817449755	2206	2209
817449755	2210	2214
817449755	2215	2217
817449755	2218	2223
817449755	2224	2227
817449755	2228	2238
817449755	2239	2242
817449755	2243	2248
817449755	2249	2252
817449755	2253	2259
817449755	2260	2265
818141325	55	57
818141325	354	358
818141325	359	365
818141325	377	383
818141325	425	434
818141325	435	438
818141325	1132	1140
818141325	1361	1364
818141325	1690	1692
818141325	1698	1707
818141325	1708	1712
818141325	1713	1720
818141325	1721	1726
818141325	1727	1733
818141325	1734	1741
818141325	1742	1744
818141325	1745	1747
818141325	1749	1761
820419869	203	208
820419869	219	229
820791520	107	111
820791520	112	119
820791520	160	163
820791520	164	176
820791520	177	186
820791520	187	194
820791520	298	308
820791520	315	324
820791520	325	330
820791520	348	352
820791520	498	506
820791520	724	727
820791520	730	732
820791520	859	869
820791520	1661	1673
820791520	1713	1714
820791520	1715	1721
820791520	1722	1728
820791520	1729	1732
820791520	1733	1737
820791520	1738	1739
820791520	1740	1743
820791520	1744	1746
820791520	1747	1749
820791520	1750	1756
820791520	1757	1762
820791520	1852	1856
820791520	1909	1918
820791520	1934	1949
820791520	2197	2202
820791520	2369	2375
820791520	2376	2386
820791520	2420	2422
820791520	2480	2490
820791520	2491	2500
820791520	2553	2556
820791520	2557	2565
821744708	1	8
821744708	9	14
821744708	15	17
821744708	18	22
821744708	177	180
821744708	181	189
821744708	190	195
821744708	196	198
821744708	199	204
821744708	205	209
821744708	213	217
821744708	881	887
821744708	982	985
821744708	986	993
821744708	994	999
821744708	1000	1002
821744708	1003	1007
821744708	1008	1013
821744708	1014	1018
821744708	1023	1028
821744708	1029	1032
821744708	1033	1041
821744708	1042	1048
821744708	1092	1094
821744708	1494	1498
821744708	1558	1561
821744708	1566	1568
821744708	1582	1587
821744708	1589	1594
821744708	1595	1597
821744708	1598	1600
821744708	1601	1610
821744708	1611	1617
821744708	1618	1621
821744708	1622	1624
821744708	1744	1748
821744708	1749	1752
821744708	1753	1759
821744708	1760	1764
821744708	1765	1770
821744708	2056	2057
821744708	2058	2065
821744708	2066	2075
821744708	2134	2143
821744708	2144	2160
821744708	2161	2172
821744708	2194	2202
821744708	2227	2232
822220578	730	740
822220578	835	838
822220578	1670	1674
822220578	1675	1681
822220578	2180	2182
822220578	2183	2189
822220578	2190	2200
822220578	2201	2203
822220578	2204	2210
822942601	452	463
822942601	464	467
822942601	656	663
822942601	664	666
822942601	667	673
822942601	674	677
822942601	678	685
822942601	692	698
822942601	712	718
822942601	861	866
822942601	867	870
822942601	871	878
822942601	879	888
822942601	889	901
822942601	927	934
822942601	935	943
822942601	947	956
822942601	1454	1457
822942601	1458	1461
822942601	1462	1470
822942601	1471	1473
822942601	1474	1480
822942601	1481	1483
822942601	1484	1491
822942601	1492	1495
822942601	1496	1506
822942601	1507	1509
822942601	1510	1519
822942601	1520	1526
822942601	1527	1530
822942601	1531	1538
822942601	1539	1544
822942601	1545	1548
822942601	1549	1555
822942601	1556	1558
822942601	1559	1568
822942601	1571	1577
822942601	1578	1584
822942601	1585	1587
822942601	1588	1597
822942601	1668	1673
822942601	1674	1677
822942601	1678	1689
822942601	1690	1699
822942601	1700	1702
822942601	1703	1706
822942601	1707	1713
822942601	1714	1720
822942601	1721	1726
822942601	1733	1740
822942601	1745	1752
822942601	1754	1758
822942601	1759	1763
822942601	1764	1767
822942601	1768	1773
822942601	1776	1779
822942601	1780	1782
822942601	1794	1797
822942601	1798	1801
822942601	1802	1805
822942601	1806	1807
822942601	1808	1817
822942601	1818	1824
822942601	1825	1827
822942601	1828	1829
822942601	1830	1833
822942601	1834	1840
822942601	1841	1845
822942601	1846	1852
822942601	1853	1855
822942601	1856	1861
822942601	1862	1866
822942601	1867	1869
822942601	1870	1876
822942601	1888	1894
822942601	1895	1898
822942601	1913	1916
822942601	1917	1925
822942601	1929	1932
822942601	1933	1938
822942601	1939	1941
822942601	1942	1943
822942601	1944	1948
822942601	1949	1955
822942601	1956	1962
822942601	1964	1967
822942601	1968	1973
822942601	1974	1986
822942601	1987	1989
822942601	1990	1991
822942601	1992	1997
822942601	1998	2000
822942601	2001	2005
822942601	2006	2014
822942601	2015	2018
822942601	2019	2023
822942601	2024	2026
822942601	2027	2035
822942601	2036	2038
822942601	2039	2042
822942601	2043	2051
822942601	2052	2054
822942601	2055	2058
822942601	2059	2063
822942601	2064	2066
822942601	2067	2079
822942601	2102	2110
822942601	2111	2118
822942601	2119	2129
822942601	2130	2134
822942601	2135	2138
822942601	2139	2144
822942601	2145	2149
822942601	2154	2158
822942601	2159	2163
822942601	2164	2166
822942601	2167	2174
822942601	2175	2181
822942601	2182	2185
822942601	2186	2191
822942601	2192	2194
822942601	2195	2199
822942601	2200	2203
822942601	2204	2208
822942601	2209	2216
822942601	2217	2221
822942601	2222	2224
822942601	2225	2232
822942601	2233	2238
822942601	2239	2246
822942601	2247	2249
822942601	2250	2253
822942601	2254	2262
822942601	2263	2270
822942601	2271	2273
822942601	2274	2281
822942601	2282	2287
822942601	2288	2291
822942601	2292	2301
822942601	2330	2333
822942601	2387	2394
822942601	2395	2398
822942601	2399	2404
824256050	1732	1733
824256050	1734	1741
824256050	1742	1745
824350729	12	15
824350729	16	17
824350729	70	83
824350729	84	91
824350729	154	158
824350729	497	506
824350729	606	607
824350729	608	614
824350729	615	621
824350729	622	628
824350729	629	631
824350729	632	641
824350729	673	674
824350729	675	679
824350729	1000	1002
824350729	1004	1006
824350729	1087	1092
824350729	1093	1097
824350729	1098	1102
824350729	1103	1106
824350729	1107	1119
824350729	1120	1125
824350729	1126	1130
824350729	1512	1516
824350729	1517	1521
824350729	1523	1530
824350729	1531	1534
824350729	1535	1538
824350729	2070	2072
824350729	2073	2076
824350729	2077	2078
824658990	8	11
824658990	12	21
824658990	284	299
824658990	300	312
824658990	687	693
824658990	694	710
824658990	711	723
824658990	861	868
824658990	869	876
824658990	881	885
824658990	889	892
824658990	893	900
824658990	910	918
824658990	930	934
824658990	935	938
824658990	939	941
824658990	942	946
824658990	947	949
824658990	950	956
824658990	957	961
824658990	962	971
824658990	972	975
824658990	976	985
824658990	986	994
824658990	995	996
824658990	1019	1025
824658990	1026	1027
824658990	1028	1037
824658990	1038	1043
824658990	1044	1048
824658990	1049	1052
824658990	1053	1056
824658990	1057	1061
824658990	1062	1065
824658990	1066	1070
824658990	1071	1074
824658990	1075	1078
824658990	1079	1085
824658990	1086	1090
824658990	1091	1093
824658990	1094	1101
824658990	1102	1105
824658990	1106	1112
824658990	1113	1121
824658990	1122	1128
824658990	1346	1350
824658990	1351	1354
824658990	1355	1361
824658990	1362	1367
824658990	1368	1371
824658990	1372	1376
824658990	1377	1385
824658990	1386	1388
824658990	1389	1392
824658990	1393	1401
824658990	1402	1410
824658990	1411	1413
824658990	1414	1417
824658990	1418	1422
824658990	1423	1427
824658990	1428	1429
824658990	1430	1436
824658990	1437	1440
824658990	1441	1445
824658990	1446	1452
824658990	1453	1455
824658990	1456	1467
824658990	1468	1470
824658990	1471	1477
824658990	1478	1481
824658990	1482	1488
824658990	1516	1529
824658990	1552	1557
824658990	1558	1564
824658990	1565	1569
824658990	1570	1571
824658990	1572	1577
824658990	1578	1583
824658990	1584	1587
824658990	1671	1675
824658990	1676	1678
824658990	1679	1692
824658990	1881	1889
824658990	1913	1917
824658990	1940	1949
824684605	991	993
824684605	994	995
824684605	996	1006
824684605	1007	1009
824684605	1010	1016
824684605	1017	1019
824684605	1020	1027
824684605	1028	1030
824684605	1031	1037
824684605	1038	1043
824684605	1044	1050
824684605	1051	1053
824684605	1054	1060
824684605	1288	1291
824684605	1292	1300
824684605	1540	1543
824684605	1544	1554
824684605	1555	1565
824684605	1586	1592
824684605	1593	1609
824684605	1610	1622
824684605	1941	1945
824684605	1946	1948
824684605	1949	1961
824684605	1962	1969
824684605	1970	1972
824684605	1973	1977
824684605	1978	1984
824684605	1985	1987
824684605	1988	1995
824684605	2043	2047
824684605	2048	2057
824684605	2058	2060
824684605	2061	2064
824684605	2065	2072
824684605	2073	2081
824684605	2082	2084
824684605	2085	2088
824684605	2089	2093
824684605	2094	2098
824684605	2160	2161
824684605	2162	2164
824684605	2165	2173
824684605	2174	2178
824684605	2179	2185
824684605	2186	2188
824684605	2189	2192
824684605	2193	2202
824684605	2203	2205
824684605	2206	2210
824684605	2211	2213
824684605	2214	2215
824684605	2216	2223
824684605	2224	2236
824684605	2237	2242
824684605	2257	2260
824684605	2261	2262
824684605	2263	2269
824684605	2270	2282
824684605	2283	2286
824684605	2287	2294
829267754	281	287
829267754	288	294
829267754	295	306
829267754	318	324
829267754	674	677
829267754	1463	1472
829267754	1473	1478
829267754	1497	1502
829267754	1503	1512
829267754	1514	1518
829267754	1519	1521
829267754	1522	1527
829815104	19	23
829815104	332	335
829815104	336	342
829815104	358	365
829815104	483	485
829815104	499	506
829815104	510	513
829815104	519	520
829815104	525	527
829815104	537	545
829815104	546	550
829815104	551	558
829815104	559	561
829815104	562	565
829815104	566	570
829815104	571	576
829815104	577	583
829815104	584	585
829815104	586	593
829815104	594	598
829815104	599	601
829815104	602	604
829815104	606	610
829815104	616	621
829815104	637	643
829815104	644	649
829815104	651	657
829815104	658	661
829815104	662	666
829815104	667	673
829815104	674	677
829815104	678	686
829815104	687	689
829815104	690	694
829815104	1277	1282
829815104	1283	1286
829815104	1287	1292
829815104	1293	1297
829815104	1422	1429
829815104	1430	1433
829815104	1499	1503
829815104	1504	1510
829815104	1511	1514
829815104	1515	1520
829815104	1521	1524
829815104	1525	1529
829815104	1530	1532
829815104	1533	1537
829815104	1541	1545
829815104	1570	1576
829815104	1577	1584
829815104	1595	1598
829815104	1599	1605
829815104	1606	1609
829815104	1610	1614
829815104	1620	1628
829815104	1629	1630
829815104	1631	1637
829815104	1638	1643
829815104	1652	1656
829815104	1660	1663
829815104	1671	1674
829815104	1693	1703
829815104	1716	1723
829815104	1816	1825
829815104	1826	1832
829815104	1833	1835
829815104	1844	1851
829815104	1860	1867
830153674	120	125
830153674	126	130
830153674	417	422
830153674	423	435
830153674	436	449
830153674	450	457
830153674	478	482
830153674	519	532
830153674	533	536
830153674	545	554
830153674	559	566
830153674	567	570
830153674	698	700
830153674	701	708
830153674	726	732
830153674	752	754
830153674	756	761
830153674	762	767
830153674	768	770
830153674	771	786
830153674	787	793
830153674	844	848
830274102	36	44
830274102	574	586
830274102	715	724
830274102	725	728
830274102	729	740
830274102	933	936
830274102	937	942
830274102	943	955
830274102	956	969
830274102	970	977
830274102	978	986
830274102	998	1002
830274102	1003	1009
830274102	1039	1052
830274102	1053	1056
830274102	1065	1074
830274102	1607	1610
830274102	1794	1802
830274102	1803	1810
830274102	1926	1928
830274102	2250	2252
830274102	2255	2256
830274102	2257	2265
830274102	2344	2346
830274102	2347	2348
830274102	2349	2356
830274102	2357	2360
830274102	2361	2366
830274102	2367	2372
830274102	2373	2375
830274102	2376	2381
830274102	2382	2386
830274102	2387	2391
830274102	2392	2395
830274102	2396	2400
830274102	2401	2403
830274102	2404	2409
830274102	2410	2412
830274102	2413	2419
830274102	2420	2421
830274102	2422	2426
830274102	2427	2434
830274102	2435	2439
830274102	2440	2447
830274102	2448	2452
830274102	2453	2455
830274102	2456	2458
830274102	2459	2464
830274102	2465	2467
830274102	2468	2474
830359136	280	281
830359136	282	288
830359136	298	301
830359136	302	306
830359136	307	309
830359136	310	319
830359136	320	324
830359136	325	331
830359136	343	346
830359136	347	352
830359136	358	361
830359136	365	366
830359136	367	372
830359136	521	526
830359136	539	542
830359136	555	556
830359136	557	564
830359136	565	570
830359136	571	573
830359136	574	577
830359136	578	580
830359136	581	588
830359136	589	592
830359136	593	597
830359136	598	600
830359136	601	604
830359136	605	612
830359136	613	619
830359136	654	661
830359136	665	670
830359136	671	685
830359136	686	697
830359136	748	753
830359136	770	778
830359136	779	785
830359136	796	802
830359136	804	807
830359136	808	812
830359136	819	823
830359136	824	826
830359136	827	833
830359136	839	841
830359136	856	862
830359136	863	868
830359136	870	872
830359136	881	883
830359136	884	887
830359136	1136	1146
830359136	1155	1158
830359136	1162	1167
830359136	1379	1380
830359136	1391	1397
830359136	1401	1405
830359136	1406	1412
830359136	1413	1420
830359136	1440	1441
830359136	1442	1452
830359136	1453	1459
830359136	1547	1557
830359136	1558	1565
830359136	1602	1604
830359136	1608	1615
830359136	1616	1620
830359136	1621	1622
830359136	1623	1629
830359136	1630	1640
830359136	1641	1644
830359136	1645	1648
830359136	1649	1658
830359136	1659	1662
830359136	1663	1666
830359136	1667	1673
830359136	1674	1676
830359136	1677	1683
830359136	1684	1686
830359136	1687	1694
830359136	1695	1703
830359136	1708	1717
830359136	1718	1731
830359136	1735	1739
830359136	1740	1744
830359136	1745	1748
830359136	1749	1752
830359136	1753	1758
830359136	1759	1763
830359136	1764	1767
830359136	1768	1772
830359136	1773	1782
830359136	1783	1793
830359136	1794	1800
830359136	1801	1803
830359136	1804	1810
830359136	1811	1813
830359136	1814	1817
830359136	1818	1820
830359136	1821	1827
830359136	1828	1832
830359136	1833	1836
830359136	1837	1844
830359136	1845	1851
830359136	1852	1854
830359136	1855	1861
830359136	1862	1864
830359136	1865	1872
830359136	1873	1880
830359136	1881	1886
830359136	1887	1890
830359136	1891	1895
830359136	1896	1900
830359136	1901	1905
830359136	1907	1913
830359136	1915	1916
830359136	1917	1920
830359136	1921	1925
830359136	1926	1928
830359136	1929	1935
830359136	1944	1951
830359136	1952	1956
830359136	1957	1962
830359136	1963	1965
830359136	1966	1967
830359136	1968	1976
830359136	1977	1981
830359136	1982	1987
830359136	1988	1990
830359136	1991	1997
830359136	1998	2005
830359136	2024	2027
830359136	2028	2032
830359136	2033	2040
830359136	2044	2047
830359136	2048	2058
830359136	2061	2062
830359136	2063	2069
830359136	2070	2073
830359136	2074	2079
830359136	2080	2085
830359136	2086	2091
830359136	2092	2094
830359136	2095	2100
830359136	2101	2104
830359136	2105	2112
830359136	2153	2154
830359136	2155	2163
830359136	2164	2170
830359136	2171	2174
830359136	2175	2177
830359136	2178	2185
830359136	2186	2190
830359136	2191	2192
830359136	2193	2200
830359136	2201	2206
830359136	2207	2209
830359136	2210	2216
830359136	2217	2220
830359136	2221	2228
830359136	2229	2237
830359136	2238	2247
830359136	2248	2256
830359136	2257	2261
830359136	2262	2266
830359136	2267	2270
830359136	2271	2275
830359136	2276	2278
830359136	2279	2288
830359136	2289	2290
830359423	246	251
830359423	259	261
830359423	262	273
830359423	279	282
830359423	283	286
830359423	287	290
830359423	291	297
830359423	298	300
830359423	301	306
830359423	307	310
830359423	311	319
830359423	320	325
830359423	326	328
830359423	329	339
830359423	340	343
830359423	344	347
830359423	348	356
830359423	357	362
830359423	629	633
830359423	654	660
830359423	661	662
830359423	663	671
830359423	672	677
830359423	712	718
830359423	719	728
830359423	740	745
830359423	746	752
830359423	753	757
830359423	758	761
830359423	762	764
830359423	765	768
830359423	769	777
830359423	778	787
830359423	829	831
830359423	835	844
830359423	845	848
830359423	849	855
830359423	856	858
830359423	859	862
830359423	863	869
830359423	870	872
830359423	873	876
830359423	877	882
830359423	883	885
830359423	886	889
830359423	890	894
830359423	895	904
830359423	905	911
830359423	912	923
830359423	924	926
830359423	927	933
830359423	934	940
830359423	941	944
830359423	945	950
830359423	952	960
830359423	961	968
830359423	969	972
830359423	973	977
830359423	978	980
830359423	981	987
830359423	988	991
830359423	992	997
830359423	999	1001
830359423	1116	1128
830359423	1129	1133
830359423	1902	1908
830359423	1909	1919
830359423	1927	1931
830359423	2081	2084
830359423	2085	2098
830359423	2102	2105
830359423	2106	2108
830359423	2110	2112
830359423	2113	2115
830359423	2116	2117
830359423	2118	2125
830359423	2126	2129
830359423	2130	2131
830359423	2132	2139
830359423	2140	2142
830359423	2143	2149
830359423	2150	2157
830359423	2158	2161
830359423	2162	2168
830359423	2170	2172
830359423	2173	2176
830359423	2177	2185
830359423	2186	2188
830359423	2189	2194
830359423	2195	2206
830359423	2207	2213
830359423	2214	2216
830359423	2217	2220
830359423	2221	2224
830359423	2226	2230
830359423	2231	2234
830359423	2235	2244
830359423	2245	2252
830359423	2253	2255
830359423	2256	2266
830359423	2267	2270
830359423	2271	2279
830359423	2280	2289
830359423	2290	2297
830359423	2298	2301
830359423	2302	2309
830359423	2310	2320
830359423	2321	2330
830821478	64	68
830821478	69	71
830821478	72	80
830821478	81	86
830821478	88	95
830821478	105	108
830821478	139	142
830821478	143	145
830821478	146	156
830821478	165	166
830821478	167	176
830821478	177	184
830821478	185	188
830821478	189	193
830821478	199	201
830821478	207	208
830821478	209	212
830821478	213	216
830821478	217	220
830821478	221	227
830821478	228	232
830821478	450	453
830821478	454	455
830821478	456	461
830821478	462	464
830821478	466	468
830821478	1434	1439
830821478	1440	1446
830821478	1447	1449
830821478	1450	1453
830821478	1454	1462
830821478	1463	1469
830821478	1591	1598
830821478	1617	1620
830821478	1621	1623
830821478	1624	1629
830821478	1630	1635
830821478	1636	1638
830821478	1639	1646
830821478	1647	1649
830821478	1650	1660
830821478	1661	1664
830821478	1665	1670
830821478	1671	1674
830821478	1675	1683
830821478	1773	1776
830821478	1834	1840
830821478	1841	1844
830821478	1845	1848
830821478	1849	1859
830821478	1866	1868
830821478	1869	1873
830821478	1874	1878
830821478	1879	1882
830821478	1884	1887
830821478	1973	1978
830821478	1979	1982
830821478	1983	1987
830821478	1991	1994
830821478	1995	2002
830821478	2003	2006
830821478	2025	2028
830821478	2053	2057
830821478	2058	2061
830821478	2062	2066
830821478	2067	2070
830821478	2141	2142
832918490	935	939
832918490	951	959
832918490	960	964
832920387	498	506
832931332	5	12
832931332	19	21
832931332	22	25
832931332	38	39
832931332	41	44
832931332	45	55
832931332	56	66
832931332	67	69
832931332	70	80
832931332	81	91
832931332	92	95
832931332	96	102
832931332	103	107
832931332	108	116
832931332	117	119
832931332	120	125
832931332	126	129
832931332	130	138
832931332	139	148
832931332	149	152
832931332	154	164
832931332	166	169
832931332	170	177
832931332	178	182
832931332	183	190
832931332	197	199
832931332	200	203
832931332	212	216
832931332	1439	1441
832931332	1760	1763
832931332	1764	1773
832931332	1774	1779
832931332	1780	1787
832931332	1795	1801
832931332	1802	1803
832931332	1804	1811
832931332	1812	1817
832931332	1818	1824
832931332	1835	1837
832931332	2001	2010
832931332	2011	2022
832933796	32	37
832933796	38	39
832933796	40	44
832933796	45	48
832933796	49	54
832933796	140	145
832933796	146	147
832933796	153	156
832933796	157	162
832933796	205	209
832933796	215	221
832933796	275	277
832933796	278	282
832933796	284	288
832933796	289	296
832933796	927	932
832933796	933	936
832933796	937	942
832933796	943	945
832933796	946	952
832933796	953	957
832933796	958	961
832933796	962	967
832934428	769	772
832934428	773	782
832934428	783	785
832934428	786	790
832934428	791	800
832934428	801	803
832934428	804	809
832934428	810	812
832934428	813	820
832934428	821	823
832934428	824	827
832934428	828	835
832934428	842	843
832934428	844	845
832934428	846	851
832934428	863	867
832934428	869	870
832940138	716	719
832940138	720	727
832940138	728	738
832940138	747	750
832940138	751	756
832940138	805	809
832940138	819	824
832940138	839	842
832940138	855	858
832940138	859	865
832940138	866	871
832940138	872	881
832940138	882	886
832940138	887	893
832940138	894	897
832940138	898	900
832940138	901	905
832940138	906	912
832940138	970	974
832940138	975	977
832940138	978	981
832940138	982	987
832940138	988	992
832940138	993	997
832940138	998	1004
832940138	1005	1010
832940138	1012	1013
832940138	1014	1016
832940138	1017	1026
832940138	1027	1031
832940138	1032	1034
832940138	1035	1038
832940138	1039	1046
832940138	1047	1055
832940138	1056	1060
832940138	1061	1064
832940138	1065	1072
832940138	1344	1352
832941978	2064	2068
832947554	860	862
832947554	869	871
832947554	872	883
832947554	1047	1053
832947554	1141	1144
832947554	1145	1156
832947554	1157	1159
832947554	1160	1167
832947554	1171	1175
832947554	1176	1180
832947554	1181	1190
832947554	1191	1196
832947554	1197	1199
832947554	1200	1202
832947554	1203	1212
832947554	1322	1328
832947600	27	36
832947600	338	341
832947600	342	351
832947600	362	367
832947600	419	421
832947600	422	429
832947600	430	434
832947600	435	438
832947600	439	448
832947600	449	458
832947600	459	462
832947600	463	467
832947600	468	472
832947600	473	476
832947600	477	482
832947600	483	485
832947600	486	489
832947600	490	497
832947600	498	509
832947600	787	795
832947600	822	832
832947600	833	845
832947600	897	899
832947600	905	909
832947600	910	913
832947600	914	922
832947600	923	928
832947600	929	931
832947600	932	938
832947600	939	941
832947600	942	945
832947600	946	956
832947600	957	966
832947600	967	969
832947600	970	973
832947600	974	984
832947600	985	987
832947600	988	992
832947600	993	997
832947600	998	1000
832947600	1015	1024
832947600	1102	1110
832947600	1132	1142
832947600	1143	1155
832947600	1156	1161
832947600	1201	1210
832947600	1341	1344
832947600	1345	1357
832947600	1358	1361
832947600	1362	1371
832947600	1372	1376
832947600	1377	1380
832947600	1381	1388
832947600	1433	1444
832947600	1445	1448
832947600	1449	1458
832947600	1459	1463
832947600	1464	1471
832947600	1472	1479
832947600	1488	1489
832947600	1490	1500
832947600	1501	1504
832947600	1505	1514
832947600	1515	1518
832947600	1519	1531
832947600	1577	1585
832947600	1594	1598
832947600	1599	1603
832947600	1604	1611
832947600	1612	1620
832947600	1621	1624
832947600	1625	1628
832947600	1629	1637
832947600	1638	1644
832947600	1650	1653
832947600	1654	1662
832947600	1663	1665
832947600	1666	1673
832947600	1674	1677
832947600	1678	1680
832947600	1681	1684
832947600	1685	1687
832947600	1688	1691
832947600	1692	1703
832947600	1704	1707
832947600	1708	1716
832947600	1717	1721
832947600	1722	1725
832947600	1726	1732
832947600	1733	1737
832947600	1738	1742
832947600	1743	1757
832947600	1758	1763
832947600	1764	1767
832947600	1768	1776
832947600	1777	1782
832947852	440	449
832947852	450	456
832947852	460	461
832947852	462	466
832947852	1641	1646
832947852	1784	1793
832947852	1794	1797
832947852	1798	1808
832948083	1205	1210
832948083	1211	1214
832948083	1215	1220
832948083	1221	1223
832948083	1224	1230
832948083	1231	1235
832948083	1236	1239
832948083	1240	1245
832956618	55	62
832956618	63	65
832956618	67	70
832956618	1292	1298
832956618	1302	1309
832959523	190	196
832959523	197	199
832959523	200	208
832959523	209	218
832959523	1587	1590
832959523	1595	1600
832959523	1623	1629
832959523	1630	1635
832959523	1636	1641
832959523	1654	1656
832959523	1663	1665
832959523	1666	1678
832959523	1679	1682
832959523	1691	1692
832959523	1693	1700
832959523	1807	1811
832959523	1812	1818
832959523	1819	1821
832959523	1822	1826
832959523	1827	1832
832959523	1924	1928
832959523	1929	1940
832959523	2058	2069
832971448	761	764
832971448	765	769
832971448	770	773
832971448	774	779
832971448	780	781
832971448	782	786
832971448	787	791
832971448	817	832
832971448	1663	1669
832971448	1889	1893
832971448	1894	1895
832971448	1896	1900
832971448	1901	1905
832971448	1906	1911
832971448	1912	1917
832971448	1918	1920
832971448	1921	1924
832971448	1925	1929
832971448	2489	2490
832984694	1185	1192
832984694	1193	1198
832984694	1263	1271
832984694	1278	1288
832984694	1289	1298
832984694	1599	1610
832984694	1611	1620
832984694	1622	1624
832984694	1625	1630
832984694	1655	1660
832984694	1661	1663
832984694	1664	1671
832984694	1672	1677
832984694	1678	1682
832984694	1683	1690
832984694	1691	1695
832984694	1739	1744
832984694	1773	1776
832984694	1777	1783
832984694	1784	1787
832984694	1788	1794
832984694	1795	1799
832984694	1800	1806
832984694	2426	2434
832984694	2443	2444
832984694	2445	2456
833013834	82	87
833013834	860	863
833013834	864	870
833013834	871	879
833013834	880	890
833013834	891	897
833013834	898	900
833013834	901	904
833013834	905	909
833013834	927	929
833013834	930	932
833013834	933	940
833013834	941	944
833013834	945	950
833013834	951	954
833013834	955	957
833013834	958	967
833013834	969	971
833013834	972	982
833013834	984	986
833013834	987	998
833013834	1000	1003
833013834	1004	1009
833013834	1010	1014
833013834	1015	1017
833013834	1018	1022
833013834	1023	1026
833013834	1033	1037
833013834	1041	1043
833013834	1074	1078
833013834	1079	1084
833013834	1085	1089
833013834	1090	1096
833013834	1097	1099
833013834	1100	1103
833013834	1104	1117
833013834	1192	1199
833013834	1265	1268
833013834	1269	1273
833013834	1274	1283
833013834	1342	1346
833013834	1347	1349
833013834	1350	1356
833013834	1357	1362
833013834	1363	1364
833013834	1365	1370
833013834	1371	1372
833013834	1373	1376
833013834	1377	1386
833013834	1387	1389
833013834	1390	1394
833013834	1506	1516
833013834	1525	1534
833013834	1563	1566
833013834	1567	1574
833013834	1575	1585
833013834	1587	1590
833013834	1591	1600
833013834	1601	1608
833013834	1609	1612
833013834	1613	1616
833013834	1617	1622
833013834	1624	1629
833013834	1630	1643
833013834	1644	1647
833013834	1648	1655
833013834	1656	1660
833013834	1661	1664
833013834	1665	1668
833013834	1669	1674
833013834	1675	1684
833013834	1685	1689
833013834	1690	1697
833013834	1698	1703
833013834	1704	1713
833013834	1714	1718
833013834	1719	1727
833013834	1728	1732
833013834	1733	1737
833013834	1738	1740
833013834	1741	1745
833013834	1746	1749
833013834	1750	1756
833013834	2019	2023
833013834	2024	2025
833013834	2026	2034
833013834	2051	2054
833013834	2055	2061
833013834	2062	2065
833013834	2104	2106
833013834	2440	2445
833013834	2521	2529
833013834	2530	2536
833013834	2537	2539
833013834	2540	2548
833013834	2549	2551
833013834	2552	2555
833018464	121	129
833018464	130	137
833018464	138	141
833018464	142	143
833018464	144	149
833018464	150	154
833018464	155	159
833018464	160	166
833018464	167	172
833018464	173	179
833018464	180	182
833018464	183	191
833018464	192	200
833018464	201	208
833018464	209	210
833018464	211	220
833018464	228	231
833018464	232	234
833018464	235	240
833018464	241	244
833018464	245	253
833018464	254	261
833018464	262	265
833018464	266	269
833018464	270	274
833018464	275	281
833018464	282	285
833018464	286	288
833018464	289	295
833018464	296	299
833018464	300	302
833018464	303	304
833018464	305	310
833018464	311	313
833018464	314	320
833018464	458	461
833018464	462	466
833018464	476	479
833018464	480	485
833018464	529	533
833018464	534	538
833018464	963	972
833018464	1121	1125
833018464	1126	1133
833018464	1134	1143
833018464	1145	1152
833018464	1153	1162
833018464	1163	1165
833018464	1166	1172
833018464	1173	1178
833018464	1201	1206
833018464	1207	1215
833018464	1362	1369
833018464	1370	1376
833018464	1377	1380
833018464	1388	1395
833018464	1396	1399
833018464	1400	1403
833018464	1404	1414
833018464	1521	1522
833018464	1523	1533
833018464	1534	1544
833018464	1545	1547
833018464	1548	1551
833018464	1552	1557
833018464	1558	1564
833018464	1565	1568
833018464	1569	1577
833018464	1578	1582
833018464	1583	1584
833018464	1585	1593
833018464	1594	1598
833018464	1599	1601
833018464	1602	1610
833018464	1624	1626
833018464	1645	1648
833018464	1649	1655
833018464	1656	1663
833018464	1664	1665
833018464	1666	1669
833018464	1670	1674
833018464	1675	1680
833018464	1718	1719
833018464	1720	1737
833018464	1738	1742
833018464	1743	1751
833018464	1752	1759
833018464	1835	1838
833018464	1839	1845
833018464	1846	1848
833018464	1849	1850
833018464	1851	1860
833018464	1861	1865
833018464	2446	2449
833018464	2450	2460
833018464	2461	2472
833018464	2473	2479
833018464	2480	2484
833018464	2485	2493
833018464	2494	2499
833018464	2500	2504
833018464	2505	2508
833018464	2509	2514
833021113	510	520
833021113	919	920
833021113	921	924
833021113	925	928
833021113	929	938
833021113	939	942
833021113	943	952
833021113	953	957
833021113	958	962
833021113	963	974
833021113	975	976
833021113	977	981
833021113	982	985
833021113	986	992
833021113	1017	1020
833021113	1021	1025
833021113	1029	1030
833021113	1031	1037
833021113	1038	1043
833021113	1044	1046
833021113	1047	1050
833021113	1051	1053
833021113	1054	1058
833021113	1059	1065
833021113	1066	1069
833021113	1070	1072
833021113	1073	1079
833021113	1081	1082
833021113	1083	1086
833021113	1087	1094
833021113	1095	1100
833021113	1101	1104
833021113	1105	1107
833021113	1111	1116
833021113	1117	1118
833021113	1119	1122
833021113	1123	1130
833021113	1131	1136
833021113	1137	1139
833021113	1140	1144
833021113	1145	1150
833021113	1151	1155
833021113	1156	1166
833021113	1167	1169
833021113	1263	1267
833021113	1268	1271
833021113	1272	1277
833021113	1278	1283
833021113	1284	1290
833021113	1291	1293
833021113	1294	1296
833021113	1297	1301
833021113	1311	1313
833021113	1314	1318
833021113	1320	1321
833021113	1325	1327
833021113	1328	1331
833021113	1377	1383
833021113	1384	1387
833021113	1388	1390
833021113	1391	1394
833021113	1395	1397
833021113	1398	1404
833024133	605	610
833024133	611	613
833024133	614	625
833024133	626	636
833024133	637	641
833024133	642	644
833024133	645	648
833024133	649	658
833024133	659	664
833024133	1230	1234
833024133	1235	1237
833024133	1238	1245
833024133	1246	1256
833024133	1257	1262
833024133	1263	1269
833024133	1270	1273
833024133	1274	1285
833024133	1286	1289
833024133	1290	1300
833024133	1378	1381
833024133	1382	1391
833024133	1392	1394
833024133	1395	1398
833024133	1399	1405
833024133	1406	1412
833024133	1413	1420
833024133	1421	1425
833024133	1426	1427
833024133	1428	1435
833024133	1436	1441
833024133	1442	1444
833024133	1445	1450
833024133	1451	1453
833024133	1454	1457
833024133	1458	1463
833024133	1464	1466
833024133	1467	1470
833024133	1472	1476
833024133	1477	1478
833024133	1479	1480
833024133	1481	1485
833024133	1486	1493
833024133	1494	1500
833024133	1501	1504
833024133	1505	1509
833024133	1510	1517
833024696	1467	1469
833024696	1470	1474
833024696	1475	1484
833024696	1485	1488
833024696	1489	1499
833024696	1500	1502
833024696	1503	1508
833024696	1509	1512
833024696	1513	1516
833024696	1850	1856
833024696	1857	1858
833024696	1859	1871
833024696	1872	1874
833024696	1879	1888
833028146	513	523
833028146	609	615
833028146	651	661
833028146	711	713
833028146	714	719
833028146	720	725
833028146	876	883
833028146	891	900
833028146	946	949
833028146	950	954
833028146	955	959
833028146	960	963
833028146	964	969
833028146	1068	1077
833028146	1078	1083
833028146	1110	1114
833028146	1115	1121
833028146	1122	1126
833028146	1139	1142
833028146	1143	1147
833028146	1193	1203
833028146	1214	1220
833028146	1228	1231
833028146	1232	1235
833028146	1237	1244
833028146	1245	1247
833028146	1248	1250
833028146	1251	1267
833028146	1270	1276
833028146	1277	1281
833032366	858	864
833032366	865	870
833032366	875	876
833032366	877	882
833032366	889	891
833032366	892	894
833032366	899	903
833032366	904	911
833032366	947	948
833032366	959	962
833032366	963	971
833032366	972	980
833032366	981	987
833032366	988	998
833032366	999	1009
833032366	1010	1014
833032366	1015	1019
833032366	1020	1021
833032366	1022	1030
833032366	2003	2010
833032366	2011	2015
833032366	2050	2054
833032366	2055	2057
833032366	2058	2061
833032367	176	189
833032367	432	435
833032367	436	439
833032367	440	444
833032367	445	450
833032367	455	463
833032367	464	466
833032367	467	474
833032367	475	482
833032367	483	488
833032367	489	501
833032367	502	510
833032367	511	515
833032367	516	519
833032367	520	528
833032367	714	722
833032367	757	760
833032367	792	795
833032367	796	809
833032367	824	833
833032367	834	838
833032367	839	843
833032367	844	847
833032367	848	862
833032367	863	868
833032367	874	878
833032367	879	882
833032367	883	896
833032367	924	927
833032367	928	933
833032367	934	941
833032367	942	946
833032367	951	955
833032367	961	963
833032367	965	968
833032367	969	983
833032367	984	992
833032367	993	997
833032367	998	1001
833032367	1002	1010
833032367	1011	1016
833032367	1018	1020
833032367	1021	1025
833032367	1026	1030
833032367	1032	1033
833032367	1052	1056
833032367	1057	1061
833032367	1062	1064
833032367	1066	1069
833032367	1070	1078
833032367	1079	1084
833032367	1085	1087
833032367	1088	1091
833032367	1092	1095
833032367	1096	1102
833036176	82	93
833036176	1444	1447
833036176	1448	1452
833036176	1453	1462
833036176	1463	1466
833036176	1467	1474
833036176	1475	1484
833036176	1485	1488
833036176	1489	1493
833036176	1494	1496
833036176	1497	1500
833036176	1501	1506
833036176	1507	1510
833036176	1511	1518
833036176	1519	1523
833036176	1524	1527
833036176	1528	1535
833036176	1536	1540
833036176	1541	1549
833036176	1550	1552
833036176	1553	1559
833036176	1560	1562
833036176	1563	1569
833036176	1896	1901
833036489	61	63
833036489	64	65
833036489	66	73
833036489	83	85
833036489	90	91
833036489	92	94
833036489	120	125
833036489	126	127
833036489	137	143
833036489	167	176
833036489	177	183
833036489	184	189
833036489	190	192
833036489	193	194
833036489	195	202
833036489	203	211
833036489	212	214
833036489	215	218
833036489	219	220
833036489	221	223
833036489	392	393
833036489	486	489
833036489	490	499
833036489	500	503
833036489	504	507
833036489	508	512
833036489	513	518
833036489	540	541
833036489	542	549
833036489	550	551
833036489	552	555
833036489	556	557
833036489	558	562
833036489	563	566
833036489	567	574
833036489	575	581
833036489	582	584
833036489	585	589
833036489	590	594
833036489	595	596
833036489	597	605
833036489	606	607
833036489	608	612
833036489	613	614
833036489	615	617
833036489	1081	1087
833036489	1094	1096
833036489	1097	1098
833036489	1099	1106
833036489	1583	1594
833036489	1849	1857
833036489	2138	2140
833036489	2141	2146
833036489	2147	2150
833036489	2151	2153
833036489	2154	2156
833036489	2157	2161
833036489	2162	2163
833036489	2164	2166
833036489	2167	2173
833036489	2174	2177
833036489	2178	2182
833036489	2183	2188
833036489	2189	2194
833036489	2195	2198
833039623	34	38
833039623	39	44
833039623	45	49
833039623	51	58
833039623	59	61
833039623	62	69
833039623	70	76
833039623	77	79
833039623	80	83
833039623	84	89
833039623	90	95
833039623	96	100
833039623	101	103
833039623	104	107
833039623	108	111
833039623	112	120
833039623	121	127
833039623	128	135
833039623	136	140
833039623	141	148
833039623	149	151
833039623	152	158
833039623	159	165
833039623	166	170
833039623	171	175
833039623	176	179
833039623	180	183
833039623	184	186
833039623	187	193
833039623	194	201
833039623	202	205
833039623	206	215
833039623	216	220
833039623	221	222
833039623	223	228
833039623	229	235
833039623	236	243
833039623	326	330
833039623	331	336
833039623	337	341
833039623	342	349
833039623	350	354
833039623	355	356
833039623	357	361
833039623	362	367
833039623	368	370
833039623	371	376
833039623	377	381
833039623	383	392
833039623	393	399
833039623	406	413
833039623	414	416
833039623	417	421
833039623	422	424
833039623	425	432
833039623	433	444
833039623	445	453
833039623	548	550
833039623	551	558
833039623	559	561
833039623	562	566
833039623	567	570
833039623	571	576
833039623	577	581
833039623	582	587
833039623	588	594
833039623	595	597
833039623	598	605
833039623	829	832
833039623	880	882
833039623	1132	1134
833039623	1138	1139
833039623	1140	1144
833039623	1145	1149
833039623	1150	1157
833039623	1158	1162
833039623	1163	1170
833039623	1171	1178
833039623	1179	1182
833039623	1183	1186
833039623	1187	1195
833039623	1196	1202
833039623	1203	1206
833039623	1207	1214
833039623	1215	1218
833039623	1219	1223
833039623	1224	1229
833039623	1230	1239
833039623	1240	1246
833039623	1252	1257
833039623	1290	1300
833039623	1301	1307
833039623	1308	1310
833039623	1312	1314
833039623	1678	1681
833039623	1682	1685
833039623	1686	1690
833039623	1691	1694
833039623	1695	1707
833039623	1715	1720
833039623	1721	1729
833039623	1730	1735
833039623	1736	1739
833039623	1740	1748
833039623	1760	1766
833039623	1809	1813
833039623	1866	1869
833039623	1870	1875
833039623	1876	1878
833039623	1879	1885
833039623	1886	1890
833039623	1894	1896
833039623	1898	1901
833039623	1902	1905
833039623	1906	1910
833039623	1911	1914
833039623	1915	1918
833039623	1919	1921
833039623	1922	1925
833039623	1926	1930
833039623	1931	1936
833039623	2189	2191
833040400	1344	1349
833040400	1603	1605
833040400	1609	1612
833040400	1613	1622
833040400	1623	1625
833040400	1626	1629
833040400	1630	1639
833040400	1640	1646
833040400	1648	1655
833040400	1656	1663
833040400	1664	1670
833040400	1671	1680
833040400	1681	1691
833040400	1692	1694
833040400	1695	1698
833040400	1699	1709
833040400	1710	1713
833040400	1714	1721
833040400	1722	1730
833040400	1731	1736
833040400	1737	1741
833040400	1742	1746
833040400	1747	1749
833040400	1750	1756
833040400	1757	1761
833040400	1762	1775
833040400	1777	1780
833040400	1781	1789
833040400	1790	1796
833040400	1797	1801
833040400	1802	1803
833040400	1804	1809
833040400	1810	1812
833040400	1813	1816
833040400	1817	1822
833040400	1824	1827
833040400	1828	1837
833040400	1838	1840
833041409	495	505
833041409	509	514
833041409	522	525
833041409	526	533
833041409	534	544
833041409	546	547
833041409	548	555
833041409	556	561
833041409	563	565
833041409	566	575
833041409	576	579
833041409	580	589
833041409	622	624
833041409	625	627
833041409	628	634
833041409	635	638
833041409	639	645
833041409	646	648
833041409	649	650
833041409	651	656
833041409	657	661
833041409	662	665
833041409	666	675
833041409	676	680
833041409	681	683
833041409	684	690
833041409	691	697
833041409	698	700
833041409	701	705
833041409	707	709
833041409	710	717
833041409	1463	1466
833041409	1468	1474
833041409	1653	1660
833041409	1661	1671
833041409	1993	2000
833041409	2001	2006
833041409	2007	2011
833042063	809	813
833042063	814	822
833042063	984	994
833042063	1008	1012
833042063	1013	1021
833042063	1569	1575
833042063	1576	1581
833050243	871	874
833050243	880	889
833050243	2097	2103
833050243	2104	2107
833050243	2108	2112
833050243	2113	2117
833050243	2118	2123
833050243	2124	2135
833050243	2137	2138
833050243	2139	2142
833050243	2143	2145
833050243	2146	2149
833050243	2150	2156
833050243	2157	2161
833050243	2162	2166
833050243	2167	2174
833050243	2175	2178
833050243	2179	2184
833050243	2185	2190
833050243	2191	2199
833050243	2200	2205
833050243	2206	2217
833050243	2218	2222
833050243	2223	2230
833050243	2331	2342
833050243	2343	2349
833052347	1079	1082
833052347	1101	1109
833052347	1125	1134
833052347	1135	1138
833052347	1139	1147
833052347	1148	1152
833052347	1153	1156
833052347	1157	1166
833052347	1167	1172
833052347	1173	1178
833052347	1181	1185
833052347	1186	1188
833052347	1189	1199
833052347	1200	1204
833052347	1205	1208
833052347	1209	1214
833052347	1215	1217
833052347	1218	1227
833052347	1228	1230
833052347	1231	1236
833052347	1237	1238
833052347	1239	1244
833052347	1338	1344
833052347	1982	1985
833052347	1986	1993
833052347	1994	2000
833052347	2001	2006
833052347	2007	2011
833052347	2020	2027
833052347	2039	2044
833052347	2098	2103
833052347	2104	2107
833052347	2108	2115
833052347	2116	2118
833052347	2393	2395
833052347	2396	2400
833052347	2401	2404
833052347	2405	2409
833053676	108	110
833053676	504	508
833053676	591	592
833053676	599	601
833053676	602	603
833053676	604	614
833053676	623	625
833053676	661	666
833053676	675	679
833053676	680	685
833067493	242	248
833067493	255	257
833067493	258	262
833067493	263	268
833067493	741	746
833067493	761	765
833067493	766	775
833067493	776	782
833067493	783	788
833067493	789	791
833067493	792	797
833067493	798	804
833067493	1423	1426
833067493	1428	1434
833067493	1588	1598
833067493	2092	2097
833067493	2181	2188
